2 0.883872 0.795456 0.231272 0.241293
2 0.70309 0.708263 0.199897 0.150432
2 0.850319 0.60113 0.119318 0.0920774
0 0.39511 0.793476 0.0872073 0.259555
2 0.524874 0.622439 0.112382 0.0953109
0 0.457361 0.71191 0.0643572 0.179405
2 0.949999 0.642131 0.0990731 0.0810282
5 0.595897 0.514192 0.151078 0.156234
0 0.544728 0.740668 0.0717358 0.179179
2 0.465232 0.578706 0.0758471 0.0635045
2 0.735232 0.56065 0.0767466 0.0566746
0 0.291841 0.690729 0.0471535 0.146692
0 0.228324 0.689636 0.0450983 0.162406
2 0.673279 0.633768 0.132855 0.0833985
0 0.178876 0.720916 0.0593906 0.0977191
56 0.0651212 0.903168 0.115563 0.192094
0 0.356615 0.650482 0.0355146 0.122068
0 0.405151 0.611903 0.0397152 0.114834
2 0.387361 0.560634 0.0561117 0.0516348
0 0.315652 0.635903 0.0406422 0.127345
0 0.0809872 0.699683 0.0675025 0.131315
0 0.0134265 0.713677 0.0268214 0.131317
26 0.519601 0.733491 0.0316187 0.0505139
1 0.315267 0.846704 0.0757427 0.160322
0 0.131245 0.623764 0.0304086 0.10741
