5 0.7828125 0.63359375 0.0625 0.14375
5 0.48203125 0.521875 0.071875 0.078125
5 0.66640625 0.52421875 0.0515625 0.0859375
5 0.2828125 0.56015625 0.0390625 0.0671875
5 0.37265625 0.53828125 0.0453125 0.0859375
5 0.13359375 0.578125 0.0546875 0.1015625
5 0.63125 0.51953125 0.078125 0.09375
2 0.13671875 0.5953125 0.02109375 0.01953125
2 0.1828125 0.53984375 0.015625 0.02265625
2 0.27890625 0.546875 0.0140625 0.0234375
2 0.3078125 0.53515625 0.01328125 0.02734375
2 0.43828125 0.54765625 0.0203125 0.025
2 0.50859375 0.55390625 0.0171875 0.028125
2 0.603125 0.57578125 0.01484375 0.02109375
2 0.63359375 0.57734375 0.0171875 0.025
2 0.7796875 0.63359375 0.01875 0.028125
2 0.80703125 0.61171875 0.01796875 0.02578125
2 0.7640625 0.58984375 0.0171875 0.02890625
2 0.73203125 0.5390625 0.01171875 0.01796875