3 0.1703125 0.14921875 0.06171875 0.090625
3 0.4765625 0.228125 0.0484375 0.0875
3 0.3171875 0.25078125 0.04765625 0.07109375
3 0.534375 0.26015625 0.0375 0.0625
3 0.3984375 0.26640625 0.0328125 0.0515625
3 0.6078125 0.29375 0.03984375 0.090625
5 0.159375 0.378125 0.10234375 0.2890625
3 0.7828125 0.39375 0.05859375 0.0625
5 0.5421875 0.39921875 0.0484375 0.1875
5 0.396875 0.403125 0.0625 0.19140625
5 0.4734375 0.4125 0.09375 0.253125
0 0.765625 0.41328125 0.02421875 0.0390625
5 0.5984375 0.4328125 0.08125 0.234375
5 0.315625 0.453125 0.09375 0.2640625
2 0.21953125 0.5203125 0.01640625 0.071875
2 0.4203125 0.5203125 0.01875 0.04453125
5 0.58046875 0.53046875 0.1046875 0.434375
5 0.47578125 0.53984375 0.13515625 0.53046875
2 0.11484375 0.54296875 0.02734375 0.08046875
5 0.16328125 0.56640625 0.159375 0.6390625
5 0.309375 0.56796875 0.1109375 0.5125
5 0.65234375 0.57265625 0.14921875 0.39296875
2 0.2625 0.57421875 0.01796875 0.0375
2 0.36015625 0.57734375 0.02578125 0.034375
5 0.76953125 0.5828125 0.10703125 0.26796875
5 0.7671875 0.68125 0.134375 0.5125
2 0.80234375 0.7171875 0.02109375 0.04453125