3 0.3015625 0.3484375 0.04453125 0.0609375
3 0.4125 0.3546875 0.0421875 0.0546875
3 0.521875 0.35390625 0.0390625 0.046875
3 0.571875 0.375 0.046875 0.07890625
3 0.65234375 0.36171875 0.046875 0.08046875
3 0.75234375 0.34921875 0.0421875 0.06953125
5 0.3109375 0.53125 0.09765625 0.1953125
5 0.4125 0.50859375 0.084375 0.1640625
5 0.52578125 0.5171875 0.10859375 0.1734375
5 0.6296875 0.52578125 0.0890625 0.20546875
5 0.75234375 0.4984375 0.07265625 0.20390625
3 0.96875 0.5109375 0.028125 0.05625
5 0.940625 0.5484375 0.04765625 0.0609375
2 0.58515625 0.70859375 0.025 0.06796875