3 0.03828125 0.68125 0.03046875 0.03984375
3 0.12890625 0.6703125 0.0296875 0.03125
3 0.31953125 0.45234375 0.03515625 0.05234375
3 0.30625 0.69140625 0.03046875 0.03671875
3 0.39140625 0.7109375 0.021875 0.04375
3 0.55703125 0.459375 0.0375 0.046875
3 0.625 0.64296875 0.04296875 0.04375
3 0.93203125 0.2671875 0.0375 0.04765625
5 0.284375 0.515625 0.0578125 0.10078125
5 0.36484375 0.7234375 0.04921875 0.12890625
5 0.5359375 0.546875 0.0671875 0.1421875
5 0.6078125 0.7203125 0.04609375 0.11015625
5 0.95234375 0.36015625 0.06796875 0.1390625