3 0.2140625 0.39375 0.065625 0.06171875
3 0.1890625 0.434375 0.06875 0.06328125
3 0.16328125 0.48828125 0.07734375 0.06875
3 0.16484375 0.56796875 0.084375 0.07890625
3 0.28984375 0.59765625 0.096875 0.10234375
3 0.31328125 0.5234375 0.071875 0.06875
3 0.4375 0.52734375 0.0625 0.07890625
3 0.51875 0.603125 0.071875 0.09375
3 0.59453125 0.46875 0.06171875 0.0734375
3 0.64296875 0.38671875 0.0671875 0.05859375
3 0.71171875 0.46328125 0.0703125 0.07734375
3 0.82109375 0.428125 0.0546875 0.06328125
3 0.7625 0.61328125 0.0875 0.10234375
5 0.140625 0.8046875 0.1109375 0.28828125
5 0.26015625 0.8484375 0.1609375 0.303125
5 0.43359375 0.72109375 0.1234375 0.26171875
5 0.525 0.82109375 0.13203125 0.26328125
5 0.60859375 0.66015625 0.11796875 0.24921875
5 0.765625 0.8546875 0.15234375 0.28515625
5 0.7140625 0.646875 0.0765625 0.22578125