3 0.05546875 0.09375 0.109375 0.12578125
3 0.2828125 0.13046875 0.090625 0.0953125
3 0.48984375 0.2265625 0.10546875 0.11484375
3 0.56953125 0.3171875 0.05390625 0.1046875
3 0.63125 0.303125 0.0671875 0.08125
3 0.765625 0.30390625 0.11171875 0.13203125
3 0.85390625 0.33515625 0.06484375 0.08125
5 0.05234375 0.46875 0.10390625 0.503125
5 0.121875 0.44765625 0.09765625 0.315625
5 0.3015625 0.3671875 0.175 0.296875
5 0.47890625 0.49140625 0.1609375 0.321875
5 0.77421875 0.6375 0.19296875 0.42578125
5 0.96796875 0.759375 0.0640625 0.48125