3 0.24765625 0.1765625 0.07578125 0.09296875
3 0.50546875 0.146875 0.07734375 0.1015625
3 0.671875 0.078125 0.05703125 0.0640625
5 0.2421875 0.3609375 0.11328125 0.2703125
5 0.50546875 0.38515625 0.14296875 0.28828125
5 0.6625 0.2671875 0.0953125 0.22578125
1 0.20859375 0.79453125 0.05859375 0.1546875
1 0.28203125 0.8015625 0.10078125 0.1640625
1 0.4578125 0.84453125 0.05546875 0.17734375
1 0.53125 0.859375 0.08203125 0.17734375
1 0.65390625 0.5546875 0.04765625 0.11640625
1 0.70703125 0.5421875 0.05546875 0.1109375