3 0.12421875 0.321875 0.04609375 0.0625
3 0.28671875 0.3578125 0.03203125 0.04921875
3 0.58125 0.22109375 0.084375 0.12890625
3 0.72421875 0.11796875 0.09140625 0.10078125
3 0.6859375 0.31328125 0.03984375 0.04296875
5 0.1078125 0.4484375 0.06640625 0.15625
5 0.28515625 0.471875 0.06484375 0.13671875
5 0.37734375 0.5375 0.08046875 0.13515625
5 0.4546875 0.3484375 0.15625 0.24375
5 0.75703125 0.3546875 0.13046875 0.3296875
2 0.6328125 0.47890625 0.07265625 0.0890625
2 0.8921875 0.45703125 0.0625 0.10390625