3 0.034375 0.4234375 0.0671875 0.14609375
3 0.3015625 0.3 0.06875 0.0765625
3 0.425 0.2890625 0.0375 0.0390625
3 0.4734375 0.33671875 0.040625 0.071875
3 0.52109375 0.3609375 0.0359375 0.0328125
3 0.57109375 0.33359375 0.04375 0.04140625
3 0.6390625 0.42109375 0.07109375 0.07421875
3 0.746875 0.3640625 0.05078125 0.053125
3 0.90234375 0.49765625 0.01953125 0.03125
3 0.89140625 0.48203125 0.01953125 0.0234375
3 0.80390625 0.43359375 0.0203125 0.02890625
3 0.80234375 0.45703125 0.01484375 0.01796875
5 0.2203125 0.56171875 0.2296875 0.321875
5 0.45234375 0.43046875 0.07421875 0.15234375
5 0.66953125 0.61328125 0.10234375 0.2265625
2 0.159375 0.69296875 0.071875 0.12265625