3 0.1359375 0.42265625 0.04140625 0.05234375
3 0.36640625 0.38671875 0.04296875 0.06015625
3 0.50390625 0.3625 0.0515625 0.0625
3 0.72265625 0.41015625 0.071875 0.0671875
3 0.9625 0.4203125 0.06796875 0.08203125
5 0.146875 0.5484375 0.096875 0.159375
5 0.37578125 0.52890625 0.10859375 0.184375
5 0.51640625 0.53125 0.11015625 0.2046875
5 0.69765625 0.5921875 0.0953125 0.2265625
5 0.90546875 0.57109375 0.13828125 0.234375
2 0.09921875 0.653125 0.025 0.03984375
2 0.36171875 0.50234375 0.03671875 0.04765625
2 0.4453125 0.65 0.0296875 0.0375
2 0.5703125 0.56953125 0.0296875 0.05234375
2 0.64140625 0.68984375 0.03984375 0.0671875
2 0.75 0.74453125 0.03359375 0.0671875
2 0.92578125 0.609375 0.03203125 0.0625