1 0.353125 0.9578125 0.0640625 0.084375
1 0.4046875 0.90390625 0.071875 0.059375
1 0.50546875 0.75546875 0.0640625 0.0515625
1 0.57109375 0.75703125 0.0484375 0.053125
1 0.68203125 0.9078125 0.0609375 0.0609375
1 0.72578125 0.97734375 0.0578125 0.0453125
2 0.4203125 0.36171875 0.0625 0.0984375
2 0.77265625 0.33984375 0.053125 0.115625
3 0.39609375 0.13203125 0.084375 0.08125
3 0.54453125 0.196875 0.059375 0.0578125
3 0.72734375 0.12578125 0.0984375 0.08125
5 0.7234375 0.38984375 0.1703125 0.3125