3 0.05234375 0.1546875 0.0375 0.04375
3 0.2203125 0.36328125 0.1234375 0.13828125
3 0.325 0.15546875 0.0421875 0.0421875
3 0.3546875 0.10234375 0.025 0.03125
3 0.44921875 0.1828125 0.04375 0.0671875
3 0.46640625 0.1046875 0.02265625 0.03125
3 0.5640625 0.15625 0.0484375 0.04375
3 0.7046875 0.21875 0.05 0.04921875
3 0.83515625 0.0984375 0.02265625 0.0328125
3 0.97890625 0.371875 0.0421875 0.06875
3 0.84140625 0.5234375 0.1421875 0.1671875
3 0.5828125 0.66328125 0.0953125 0.12734375
5 0.18046875 0.7375 0.19140625 0.46015625
5 0.56640625 0.8546875 0.1796875 0.290625
5 0.7890625 0.81640625 0.15 0.3671875
2 0.7328125 0.41015625 0.0328125 0.04921875