1 0.02109375 0.82890625 0.0421875 0.1171875
1 0.09296875 0.83671875 0.0796875 0.1140625
1 0.27109375 0.784375 0.1078125 0.10625
1 0.3296875 0.81171875 0.103125 0.1140625
1 0.5 0.76484375 0.1 0.0953125
1 0.5453125 0.80859375 0.09375 0.0953125
1 0.6671875 0.80078125 0.090625 0.0734375
1 0.7109375 0.83828125 0.1 0.0890625
1 0.87265625 0.83515625 0.1203125 0.1015625
1 0.92265625 0.8703125 0.1484375 0.1125
2 0.04765625 0.625 0.0734375 0.10625
2 0.27890625 0.58828125 0.0640625 0.0921875
2 0.47421875 0.56484375 0.0609375 0.0953125
2 0.65078125 0.53828125 0.0578125 0.0734375
2 0.86171875 0.5421875 0.1078125 0.10625
0 0.89453125 0.16328125 0.10625 0.0515625