1 0.2125 0.9765625 0.059375 0.028125
1 0.30078125 0.9390625 0.0296875 0.040625
1 0.33671875 0.9328125 0.0421875 0.040625
1 0.428125 0.87578125 0.021875 0.0359375
1 0.48515625 0.8734375 0.0359375 0.034375
1 0.54140625 0.84375 0.0265625 0.03125
1 0.49765625 0.8375 0.0265625 0.025
1 0.56640625 0.86640625 0.0421875 0.0359375
1 0.60625 0.88671875 0.03125 0.0484375
1 0.6390625 0.86015625 0.040625 0.0328125
1 0.6734375 0.921875 0.04375 0.025
1 0.7015625 0.94453125 0.046875 0.0328125
0 0.84140625 0.4921875 0.046875 0.05
0 0.584375 0.459375 0.0515625 0.0328125
0 0.0328125 0.4140625 0.0484375 0.046875
0 0.1515625 0.40859375 0.040625 0.046875