3 0.33828125 0.44765625 0.0390625 0.0453125
3 0.45390625 0.41953125 0.0328125 0.0359375
3 0.55390625 0.43046875 0.0328125 0.0390625
3 0.63828125 0.4265625 0.0359375 0.046875
3 0.696875 0.4203125 0.053125 0.053125
1 0.33046875 0.80703125 0.0203125 0.0359375
1 0.36015625 0.7875 0.0390625 0.021875
1 0.478125 0.7546875 0.021875 0.021875
1 0.51953125 0.75859375 0.0265625 0.0296875
1 0.56484375 0.79453125 0.0328125 0.0234375
1 0.59765625 0.81171875 0.0203125 0.0296875
1 0.64765625 0.815625 0.0421875 0.01875
1 0.67890625 0.83828125 0.0234375 0.0265625
1 0.71171875 0.93515625 0.0578125 0.0390625
0 0.45703125 0.42890625 0.034375 0.0140625